150
0.000000
6.241297
6.199410
6.157522
6.115634
6.073746
6.031858
5.989970
5.948082
5.906194
5.864306
5.822418
5.780530
5.738643
5.696755
5.654867
5.612979
5.571091
5.529203
5.487315
5.445427
5.403539
5.361651
5.319764
5.277876
5.235988
5.194100
5.152212
5.110324
5.068436
5.026548
4.984660
4.942772
4.900885
4.858997
4.817109
4.775221
4.733333
4.691445
4.649557
4.607669
4.565781
4.523893
4.482006
4.440118
4.398230
4.356342
4.314454
4.272566
4.230678
4.188790
4.146902
4.105014
4.063126
4.021239
3.979351
3.937463
3.895575
3.853687
3.811799
3.769911
3.728023
3.686135
3.644247
3.602360
3.560472
3.518584
3.476696
3.434808
3.392920
3.351032
3.309144
3.267256
3.225368
3.183481
3.141593
3.099705
3.057817
3.015929
2.974041
2.932153
2.890265
2.848377
2.806489
2.764602
2.722714
2.680826
2.638938
2.597050
2.555162
2.513274
2.471386
2.429498
2.387610
2.345723
2.303835
2.261947
2.220059
2.178171
2.136283
2.094395
2.052507
2.010619
1.968731
1.926843
1.884956
1.843068
1.801180
1.759292
1.717404
1.675516
1.633628
1.591740
1.549852
1.507964
1.466077
1.424189
1.382301
1.340413
1.298525
1.256637
1.214749
1.172861
1.130973
1.089085
1.047198
1.005310
0.963422
0.921534
0.879646
0.837758
0.795870
0.753982
0.712094
0.670206
0.628319
0.586431
0.544543
0.502655
0.460767
0.418879
0.376991
0.335103
0.293215
0.251327
0.209440
0.167552
0.125664
0.083776
0.041888
