80
0.000000
0.078540
0.157080
0.235619
0.314159
0.392699
0.471239
0.549779
0.628319
0.706858
0.785398
0.863938
0.942478
1.021018
1.099557
1.178097
1.256637
1.335177
1.413717
1.492257
1.570796
1.649336
1.727876
1.806416
1.884956
1.963495
2.042035
2.120575
2.199115
2.277655
2.356194
2.434734
2.513274
2.591814
2.670354
2.748894
2.827433
2.905973
2.984513
3.063053
3.141593
3.220132
3.298672
3.377212
3.455752
3.534292
3.612832
3.691371
3.769911
3.848451
3.926991
4.005531
4.084070
4.162610
4.241150
4.319690
4.398230
4.476770
4.555309
4.633849
4.712389
4.790929
4.869469
4.948008
5.026548
5.105088
5.183628
5.262168
5.340708
5.419247
5.497787
5.576327
5.654867
5.733407
5.811946
5.890486
5.969026
6.047566
6.126106
6.204645
